0.75025 0.85926
0.93953 0.042866
0.33228 0.57354
0.99264 0.18738
0.68847 0.99597
0.34876 0.60741
0.14904 0.55236
0.77376 0.46226
0.27311 0.037195
0.55479 0.4783
0.21751 0.17752
0.47571 0.23642
0.56565 0.65787
0.15994 0.15873
0.41672 0.62666
0.9879 0.15688
0.38341 0.32273
0.18888 0.071002
0.1418 0.32065
0.39557 0.90691
0.25487 0.55653
0.047395 0.30866
0.22836 0.89732
0.51276 0.72959
0.19005 0.33984
0.032925 0.51106
0.25393 0.9439
0.48955 0.34133
0.39958 0.96994
0.13143 0.76954
0.026003 0.080042
0.4858 0.46669
0.85016 0.85461
0.037103 0.18987
0.91751 0.13599
0.22261 0.076066
0.92827 0.92513
0.82112 0.52826
0.31049 0.34225
0.89959 0.20476
0.02885 0.20746
0.29007 0.32423
0.28687 0.64312
0.8835 0.84685
0.66858 0.52716
0.57696 0.51915
0.22517 0.67834
0.8808 0.90867
0.31484 0.99736
0.034671 0.89744
0.38327 0.069734
0.44229 0.63066
0.075211 0.43102
0.62692 0.43478
0.1321 0.99955
0.76354 0.7291
0.6907 0.28394
0.63356 0.57868
0.22355 0.74823
0.40821 0.96035
0.41494 0.1468
0.86888 0.53649
0.33058 0.5895
0.35754 0.42154
0.11586 0.66592
0.52587 0.30637
0.62485 0.44425
0.44657 0.54923
0.60626 0.25206
0.77671 0.93151
0.39829 0.084243
0.63029 0.55236
0.31051 0.99102
0.055138 0.2899
0.4123 0.65284
0.26287 0.90316
0.28102 0.74302
0.59362 0.80088
0.16868 0.60935
0.22505 0.4591
0.83259 0.88334
0.49012 0.024661
0.73984 0.014806
0.54979 0.63154
0.69034 0.41784
0.83543 0.42329
0.78495 0.049733
0.93483 0.077852
0.88981 0.78232
0.026103 0.81693
0.56636 0.014315
0.80611 0.6369
0.67692 0.96703
0.0070852 0.81281
0.15534 0.1623
0.84024 0.1099
0.11817 0.75845
0.70528 0.70911
0.73389 0.34752
0.38089 0.98986
